-5.943103358866122510e-03 2.946618289132074131e-01 -8.291988428198993760e-03
-1.434286347561759128e-02 4.855112581654686954e-01 -1.909579940771924389e-02
-2.407246735568835394e-02 6.759865702582207314e-01 -3.407083962502592545e-02
-2.326053501904921661e-01 6.678420172526511323e-01 -5.041005757755578909e-02
-2.410818526285218588e-01 9.619495778405171560e-01 -6.256595933256965669e-02
-5.065633411983104517e-02 9.589524845988037782e-01 -7.444454813239916036e-02
-5.969084015929496806e-02 1.258905859342884792e+00 -8.371991874204172401e-02
1.285856199954703849e-01 1.263358963512122068e+00 -9.150942702843013754e-02
1.140775232529804006e-01 9.697794092818934342e-01 -1.014485440030273855e-01
1.015119354137239416e-01 7.817693679337927026e-01 -1.146816060191581943e-01
8.731295898723952231e-02 5.942048342418018159e-01 -1.274382810691679080e-01
