-3.030982713021722619e-01 2.775327457357867900e-02 -4.228914098381487130e-01
-2.980433707301373136e-01 1.764522461557493926e-01 -3.839927265305886350e-01
-2.751173790271126407e-01 4.302289357392323765e-01 -4.204594012734824693e-01
-4.129648732197431782e-01 4.956906208477378506e-01 -3.957720663665845184e-01
-3.947161461058965037e-01 8.551507215245068849e-01 -2.828883613333217362e-01
-2.043686238578403258e-01 9.108360340985606207e-01 -2.651478342513842179e-01
-1.913201214492597779e-01 1.258226547280912655e+00 -2.188585042620706522e-01
-2.935469088590146255e-02 1.323351479950096055e+00 -1.964502023067506431e-01
-6.934027458770965213e-02 1.050949534154173914e+00 -2.271032718642349568e-01
-4.933428038120654668e-02 9.257053232837106904e-01 -2.735406545609798679e-01
-7.609045006494649654e-02 7.373135715795253731e-01 -2.742435245411199984e-01
